>> c =  0.6
100 3
200 7
300 14
400 15
500 19
600 25
Time Taken:  2.9523303508758545
Safety:  True
[Trajs] Safe, Unsafe:  6 0
[Log] Safe, Unsafe:  26 0
Total Trajectories Generated:  600 ; Valid Trajectories:  25
=====================


>> c =  0.7
100 12
200 30
300 47
Time Taken:  1.6005501747131348
Safety:  True
[Trajs] Safe, Unsafe:  17 0
[Log] Safe, Unsafe:  16 0
Total Trajectories Generated:  300 ; Valid Trajectories:  47
=====================


>> c =  0.8
100 4
200 10
300 14
400 18
500 21
600 23
700 27
800 33
900 40
1000 46
1100 55
Time Taken:  5.697667360305786
Safety:  True
[Trajs] Safe, Unsafe:  9 0
[Log] Safe, Unsafe:  29 0
Total Trajectories Generated:  1100 ; Valid Trajectories:  55
=====================


>> c =  0.9
100 7
200 14
300 20
400 30
500 35
600 46
700 52
800 54
900 64
1000 73
1100 83
1200 92
1300 102
1400 109
1500 116
Time Taken:  6.903048038482666
Safety:  True
[Trajs] Safe, Unsafe:  7 0
[Log] Safe, Unsafe:  22 0
Total Trajectories Generated:  1500 ; Valid Trajectories:  116
=====================


>> c =  0.99
100 5
200 12
300 18
400 22
500 26
600 32
700 40
800 41
900 44
1000 48
1100 57
1200 62
1300 64
1400 69
1500 73
1600 75
1700 80
1800 87
1900 92
2000 97
2100 109
2200 117
2300 122
2400 130
2500 135
2600 139
2700 148
2800 157
2900 164
3000 170
3100 171
3200 177
3300 189
3400 196
3500 204
3600 210
3700 212
3800 222
3900 228
4000 234
4100 237
4200 240
4300 245
4400 245
4500 251
4600 259
4700 265
4800 269
4900 273
5000 278
5100 284
5200 288
5300 294
5400 299
5500 307
5600 312
5700 315
5800 319
5900 322
6000 329
6100 336
6200 341
6300 344
6400 347
6500 355
6600 358
6700 361
6800 369
6900 371
7000 377
7100 382
7200 385
7300 390
7400 394
7500 397
7600 405
7700 409
7800 417
7900 420
8000 426
8100 432
8200 439
8300 444
8400 452
8500 457
8600 460
8700 462
8800 467
8900 474
9000 478
9100 485
9200 492
9300 502
9400 511
9500 514
9600 523
9700 526
9800 535
9900 538
10000 539
10100 545
10200 552
10300 560
10400 565
10500 570
10600 580
10700 583
10800 588
10900 593
11000 595
11100 602
11200 606
11300 613
11400 616
11500 626
11600 635
11700 645
11800 651
11900 656
12000 659
12100 666
12200 674
12300 682
12400 686
12500 688
12600 691
12700 696
12800 704
12900 713
13000 715
13100 724
13200 731
13300 739
13400 745
13500 754
13600 759
13700 763
13800 771
13900 774
14000 778
14100 785
14200 795
14300 805
14400 811
14500 817
14600 825
14700 830
14800 840
14900 842
15000 849
15100 855
15200 858
15300 861
15400 869
15500 882
15600 889
15700 893
15800 898
15900 905
16000 910
16100 915
16200 921
16300 926
16400 938
16500 943
16600 951
16700 957
16800 962
16900 971
17000 975
17100 983
17200 989
17300 994
17400 999
17500 1002
17600 1008
17700 1012
17800 1018
17900 1021
18000 1030
18100 1036
18200 1041
18300 1050
18400 1053
18500 1058
18600 1063
18700 1069
18800 1074
18900 1078
19000 1084
19100 1089
19200 1092
19300 1097
19400 1099
19500 1105
19600 1108
19700 1112
19800 1118
19900 1124
20000 1129
20100 1138
20200 1140
20300 1146
Time Taken:  92.39644122123718
Safety:  True
[Trajs] Safe, Unsafe:  6 0
[Log] Safe, Unsafe:  24 0
Total Trajectories Generated:  20300 ; Valid Trajectories:  1146
=====================


[2.9523303508758545, 1.6005501747131348, 5.697667360305786, 6.903048038482666, 92.39644122123718]
[True, True, True, True, True]
