>> c =  0.6
100 0
200 4
300 6
400 9
500 13
600 18
700 20
800 23
Time Taken:  5.687267780303955
Safety:  True
[Trajs] Safe, Unsafe:  3 0
[Log] Safe, Unsafe:  6 0
Total Trajectories Generated:  800 ; Valid Trajectories:  23
=====================


>> c =  0.7
100 5
200 6
300 11
400 13
500 14
600 17
700 19
800 20
900 22
1000 25
1100 29
1200 32
1300 40
Time Taken:  8.985866785049438
Safety:  True
[Trajs] Safe, Unsafe:  8 0
[Log] Safe, Unsafe:  9 0
Total Trajectories Generated:  1300 ; Valid Trajectories:  40
=====================


>> c =  0.8
100 3
200 6
300 10
400 13
500 18
600 22
700 25
800 31
900 36
1000 42
1100 49
1200 53
Time Taken:  8.14746880531311
Safety:  True
[Trajs] Safe, Unsafe:  4 0
[Log] Safe, Unsafe:  2 0
Total Trajectories Generated:  1200 ; Valid Trajectories:  53
=====================


>> c =  0.9
100 0
200 0
300 3
400 7
500 11
600 14
700 15
800 18
900 22
1000 24
1100 29
1200 34
1300 35
1400 38
1500 39
1600 43
1700 43
1800 46
1900 47
2000 48
2100 55
2200 56
2300 60
2400 62
2500 62
2600 65
2700 68
2800 70
2900 73
3000 76
3100 81
3200 83
3300 86
3400 93
3500 98
3600 98
3700 102
3800 103
3900 107
4000 107
4100 108
4200 110
Time Taken:  27.847004413604736
Safety:  True
[Trajs] Safe, Unsafe:  2 0
[Log] Safe, Unsafe:  7 0
Total Trajectories Generated:  4200 ; Valid Trajectories:  110
=====================


>> c =  0.99
100 2
200 6
300 8
400 11
500 15
600 17
700 19
800 20
900 23
1000 28
1100 28
1200 32
1300 33
1400 38
1500 41
1600 43
1700 45
1800 51
1900 55
2000 58
2100 60
2200 65
2300 70
2400 74
2500 76
2600 76
2700 77
2800 80
2900 82
3000 83
3100 85
3200 87
3300 91
3400 93
3500 95
3600 97
3700 102
3800 104
3900 109
4000 111
4100 116
4200 117
4300 120
4400 122
4500 125
4600 125
4700 133
4800 135
4900 136
5000 139
5100 142
5200 143
5300 148
5400 153
5500 156
5600 159
5700 161
5800 163
5900 166
6000 168
6100 170
6200 173
6300 177
6400 180
6500 184
6600 187
6700 189
6800 189
6900 192
7000 194
7100 196
7200 196
7300 203
7400 204
7500 207
7600 211
7700 212
7800 218
7900 220
8000 222
8100 223
8200 226
8300 228
8400 229
8500 233
8600 235
8700 235
8800 238
8900 244
9000 248
9100 251
9200 254
9300 255
9400 257
9500 258
9600 259
9700 261
9800 264
9900 269
10000 275
10100 277
10200 277
10300 277
10400 278
10500 281
10600 288
10700 295
10800 297
10900 302
11000 304
11100 306
11200 309
11300 312
11400 317
11500 318
11600 320
11700 323
11800 325
11900 326
12000 327
12100 329
12200 333
12300 335
12400 336
12500 340
12600 343
12700 344
12800 346
12900 353
13000 354
13100 355
13200 360
13300 362
13400 365
13500 368
13600 370
13700 374
13800 377
13900 378
14000 380
14100 382
14200 386
14300 390
14400 392
14500 392
14600 395
14700 397
14800 399
14900 402
15000 403
15100 408
15200 414
15300 417
15400 420
15500 420
15600 422
15700 425
15800 426
15900 429
16000 434
16100 438
16200 441
16300 443
16400 444
16500 451
16600 454
16700 458
16800 459
16900 460
17000 462
17100 463
17200 467
17300 468
17400 471
17500 477
17600 479
17700 479
17800 480
17900 481
18000 486
18100 492
18200 497
18300 502
18400 503
18500 508
18600 510
18700 512
18800 514
18900 515
19000 521
19100 523
19200 529
19300 532
19400 536
19500 538
19600 543
19700 548
19800 553
19900 559
20000 560
20100 562
20200 565
20300 566
20400 568
20500 570
20600 571
20700 576
20800 581
20900 585
21000 589
21100 590
21200 592
21300 594
21400 597
21500 602
21600 610
21700 614
21800 616
21900 616
22000 621
22100 623
22200 632
22300 634
22400 636
22500 636
22600 639
22700 641
22800 642
22900 646
23000 650
23100 652
23200 654
23300 657
23400 657
23500 661
23600 670
23700 673
23800 676
23900 679
24000 682
24100 684
24200 685
24300 689
24400 691
24500 694
24600 698
24700 699
24800 704
24900 705
25000 708
25100 712
25200 715
25300 717
25400 720
25500 723
25600 725
25700 729
25800 733
25900 735
26000 736
26100 737
26200 739
26300 744
26400 748
26500 749
26600 751
26700 753
26800 758
26900 762
27000 763
27100 766
27200 769
27300 770
27400 771
27500 771
27600 774
27700 779
27800 781
27900 781
28000 782
28100 785
28200 789
28300 792
28400 793
28500 797
28600 800
28700 806
28800 808
28900 811
29000 812
29100 814
29200 815
29300 820
29400 820
29500 824
29600 828
29700 830
29800 832
29900 835
30000 836
30100 838
30200 844
30300 846
30400 851
30500 856
30600 864
30700 866
30800 868
30900 870
31000 876
31100 880
31200 884
31300 888
31400 888
31500 892
31600 897
31700 898
31800 903
31900 906
32000 909
32100 910
32200 912
32300 915
32400 920
32500 925
32600 930
32700 932
32800 935
32900 939
33000 939
33100 941
33200 945
33300 950
33400 954
33500 957
33600 959
33700 965
33800 966
33900 969
34000 972
34100 976
34200 979
34300 982
34400 983
34500 987
34600 989
34700 991
34800 995
34900 998
35000 1001
35100 1002
35200 1008
35300 1011
35400 1013
35500 1016
35600 1016
35700 1019
35800 1020
35900 1022
36000 1027
36100 1030
36200 1035
36300 1040
36400 1044
36500 1044
36600 1047
36700 1049
36800 1056
36900 1059
37000 1061
37100 1063
37200 1068
37300 1072
37400 1075
37500 1078
37600 1079
37700 1081
37800 1083
37900 1087
38000 1092
38100 1097
38200 1098
38300 1099
38400 1105
38500 1109
38600 1113
38700 1117
38800 1120
38900 1122
39000 1129
39100 1130
39200 1136
39300 1139
39400 1144
39500 1145
39600 1148
Time Taken:  247.48144054412842
Safety:  True
[Trajs] Safe, Unsafe:  3 0
[Log] Safe, Unsafe:  8 0
Total Trajectories Generated:  39600 ; Valid Trajectories:  1148
=====================


[5.687267780303955, 8.985866785049438, 8.14746880531311, 27.847004413604736, 247.48144054412842]
[True, True, True, True, True]

